242238501
192026966
225281664
169938893
17934098
103620788
35922353
220533964
240219226
120333878
154793788
97939484
180459302
91495103
89490104
38535521
207854661
194198835
239088213
240102791
238108821
137770772
246676914
240132918
25788309
4180252
74788121
64078945
230368078
29885170
103176350
162406286
224526182
237517303
108451583
247170178
158992369
47920957
230218344
130797248
236126696
182399602
140926001
227443679
171708040
91538476
62936021
236242278
189385322
87472330
2798019
136598013
153725352
87802539
135221191
153068547
176093177
119354894
182917450
200392582
17337099
94423603
243281363
136093162
219330924
8163465
105559501
95265126
168905086
240133519
236836985
229633700
227777602
125320345
187609648
180883928
134847541
248455812
215641538
251604969
229338031
231023660
90371547
243200938
162332041
197382006
218771848
229720161
220050902
66023087
243279906
154704215
147494793
170669821
202953062
111963296
249627803
137050618
250607892
113240990
180469753
123207597
210132433
68802116
203556555
250552060
184029525
171551275
131870998
210720590
104698623
249987399
110317030
91196265
237213514
124656496
99225451
221469184
93488608
127140363
189203505
188631105
233903390
139570321
34625217
57738223
164559307
216208777
140526254
186339707
91013883
118120000
173638936
126504135
242324870
232423119
93446641
242611435
139038249
190228387
76266943
80368194
223481216
115249009
187773468
234866095
225435259
198178219
114650661
129987518
86969897
116032457
59770569
76721272
234442522
113417479
151375530
163933539
134535344
130922587
170445726
115586916
91428570
197530315
240556393
15528617
247190525
120703889
56553311
93920623
175788604
125370372
235647450
165776168
241801160
240909632
76187641
137841659
102126570
103810090
94192929
96016531
167564248
55120970
232618517
101287012
82717674
244945662
238206001
111811797
237462072
247063956
124942921
237840226
195520659
247356475
208879224
205665071
104686420
249322574
119127699
2629480
108589100
238263493
219111466
126795501
33346785
203163128
245515178
24135144
222890041
206307895
113331651
108727209
88341055
233753212
29686894
209578551
202358486
239082998
228594255
199000649
89687985
193971656
41755693
248833433
200540839
230159559
248343426
121833652
113348929
156594269
236390104
180627050
126812839
124040428
169902106
4416963
244442916
8188289
91093132
105955482
176771470
114658521
31364615
203119587
78231018
48275924
236783093
213972796
75718189
212470658
179696503
218185012
239149037
124974943
208708652
173569926
213813670
43986802
232006035
136435271
213757265
165645208
30617034
238672939
220249769
81277852
102572119
170837230
249805440
11469319
86754021
126777380
128981290
184078023
2327592
227402833
45524916
95474557
245435227
144682328
102502980
132902500
87959120
240692987
100136321
241148393
36915635
214761473
182085527
176689159
244720596
23759624
235449715
89760366
137946469
222204727
175352020
82063568
153310248
97267628
208765638
123331079
136355878
245509030
245557684
91318927
245229007
161731320
39752468
157777596
223877150
120931952
152925942
193020743
63951755
214548657
66338324
192721205
198908481
234947231
26520310
197552516
35909734
162251826
132206471
93187696
174727627
166788996
121730262
104747344
53512406
199166740
160988183
230861120
201202060
225518055
230460961
61633773
96359637
81164806
204978165
241572871
189041169
238716146
156646852
162532482
132787571
121506620
176561123
192330610
1184976
142147803
223505517
115851641
62690666
52409110
134369580
108362048
36926778
208646567
160221071
114342044
74916782
68300189
210640916
64038317
91607415
111601125
31007273
32431936
248811394
59995732
237955383
32368004
144442901
241282523
151904359
240419789
178777213
78700700
237914045
160173805
130899166
148305648
153554142
146963092
233067515
192806697
248855936
234031413
110791429
174546167
101671875
223716031
211012094
126214898
212877078
212776333
175663072
102639023
187340234
18633401
36040356
125456197
27403003
244762727
43667641
199654525
205526144
3626810
85860489
242490906
162876135
236225061
179388652
215832192
106910783
113614891
228794294
197917717
196961632
89232310
132649786
202644378
87435986
101182420
247764012
223431394
200312542
187303815
161589459
239932869
184786838
116563506
123335833
11995125
192430812
193836863
248217093
39745073
174212779
48505005
91655043
122785974
1394386
239074570
204262575
95097932
107481927
92039086
204216029
103274149
209576997
131918213
172706157
117463164
188146873
238685684
115665717
209134745
176213356
193663199
235134430
14540361
96119253
236422224
202769741
121219972
38682334
236184383
234597933
246848664
248331950
70446399
108951022
178022854
96953630
78818844
96643560
16507798
210105235
39387436
200506512
136682174
227118118
213311986
238265834
128141981
176587752
235789252
101371899
236975603
235430620
205948249
250574394
231727583
115509739
81015812
193258634
32626776
100076988
104724628
239190141
162225332
220299483
87067966
176618708
115935166
125121079
199546540
232243145
176113618
179872846
49347781
156392384
243096814
249142123
249127673
242782916
194488524
230581069
86086849
172616407
139698033
90620892
244298784
171983557
174359902
30874757
30149133
235034847
219109138
66299484
109600180
156748979
72354618
206757559
232398845
60650329
32350532
212534717
93164124
235750826
43323414
39656361
225347381
59632631
113453737
201968618
42791483
216776466
236168498
227270664
242947584
188334567
238650014
116170378
85853954
197109023
184898264
40859040
198621039
142352241
251498876
85753236
112865826
11107647
53688736
247082559
143189056
224483604
87063671
78240451
142529490
120554211
124571346
188817402
125313673
1587644
132862747
188447386
180734445
189274242
29284344
130176806
2355518
170840295
9550153
202895378
243301457
173898936
125287799
85551373
214460735
140040856
71993877
181780842
45405638
161124175
229386982
242971358
38662611
237702282
119779367
199165619
78624117
206605782
59477351
115674479
190867462
54199712
163324181
7340246
23250179
21675341
26514665
127845439
10051100
58233058
204837709
225733920
205094578
176634235
93702419
102014941
10627560
228769349
116617913
87451696
232936810
243178764
164943549
231597666
139377244
17773395
91021548
247016059
205456570
106360196
9686087
127164095
204383599
201296681
187469374
183324917
141158894
165956407
106009828
245034847
238582375
13848797
77942134
238674051
241650710
140871910
153232391
166963879
237162762
230314210
194345221
246415145
180464748
70487506
19491416
145376840
207882288
233148949
104991296
164501148
233722964
52048374
230202242
177260485
232724463
239256881
53483417
238717222
108089103
238927488
172716250
115392953
197752409
95031087
119270361
183825144
102532573
213974923
181220149
100259823
101529055
201129312
141699669
35637403
34798649
98979096
51513849
1012431
68629953
225111828
236770214
213230696
138607111
248523131
159892366
171655094
220863096
189107977
103246496
91231241
110140205
182366851
164388993
189547399
4459600
133283408
151620125
206331982
238995811
138053255
164241099
174822261
88391613
118876833
228973080
91107867
1266964
137754134
180024315
45306293
188249902
165509331
195462344
237611645
194185956
124861402
77012739
123018057
237008818
218831992
71654236
154280773
242907204
113259274
228973196
143802745
144146385
37504890
248375662
8109920
168019378
139421659
248452114
131815106
86612133
198417916
248676276
179537785
194616836
127397134
92071522
169660585
211211297
243504943
224663119
218030475
86837467
161283976
235380129
23278461
239243104
78966937
234776639
143645942
217928076
174042502
122710870
138488682
177000103
125083716
248788260
86436336
92927059
8232646
35022562
216809222
162353470
100568614
27314635
40198658
211348706
111672862
121736734
125763012
224461453
218137674
172422028
25132743
122062745
203804702
218450094
34631013
164545169
230588970
249744504
73636094
209131419
185223862
116951810
100773091
184234286
248839361
237662091
118291727
114067451
242451473
160733445
185199360
162518077
98468370
61768918
106509210
98955128
196694943
153356616
237687479
29068587
177215710
136393934
151977180
192052629
225688248
224655639
190090562
108510893
9666666
125490084
69577887
205012811
210322950
146503055
231941812
124342653
138740226
72336607
235598158
228213369
10766664
245408628
204007727
7312748
90266791
237409479
238896436
38417842
36371736
36369343
88967604
233622937
202074132
247663014
85356321
163939451
238759457
243234508
212604591
88695377
207008203
23021463
104418810
30212553
130564791
96327967
114120093
146509867
240500941
243194051
160745450
234215721
89074998
166335814
192938743
190658958
42376269
85265124
240971616
5638858
69451124
102488641
30282165
228329333
172617109
158112111
71966269
83655254
237777409
125710750
138463171
190581850
123746597
180147006
181108585
10691752
196860485
205139467
233742089
96903025
85836957
5958918
251819786
201391350
170099131
205119411
214321280
229850226
239535071
133265073
84434603
157755114
149362039
215405557
214450736
194125859
28935858
44970559
180711787
79822388
99723962
10022525
179779178
5625435
86230111
219845107
238402383
235222298
189258984
39226019
146791911
58157834
235937591
179392561
243624141
173929266
235717582
76974607
242489675
228195219
193731067
169630963
127781101
143802117
80953598
248299440
10700117
174733952
28828572
239275563
225818346
194456251
102843369
97585867
95399156
222993527
226455525
198069942
79595554
219686736
130334327
84455325
96683984
214748341
246777420
84610955
128420063
27544700
160340581
86355163
116053727
245520791
221959051
184430571
241953173
101344771
104780883
178466880
89713905
165650189
129779212
115991168
107184238
242832760
56006442
194131831
62709527
138503129
191507436
183017767
188474754
82160950
114616510
73043586
116110820
65394029
95754885
207081723
240408244
119389737
91170534
229457986
134470325
12003597
128356094
47189086
141450140
235644712
116505684
199064481
40784663
195179808
146489597
234460362
140986872
161713629
21529853
243169018
160062955
109745105
8668647
175406579
88150615
204096948
96469555
88109258
193708473
51423660
160094232
174181813
243331065
26542696
72593670
233775697
94007916
207130772
187371662
185115503
90650998
156033767
164394703
198608505
30913215
170394755
198617595
75288248
48512977
144046214
167126408
72994514
100185278
233724561
248111910
223310174
4897007
44983991
175451391
212932159
88532051
69494868
128408057
190433951
111772549
1022642
204221349
119958676
248609603
120157886
60673649
95558566
220438986
222144663
248831502
141098262
130625702
237317962
181735430
92175772
176745883
231581989
241052505
35164417
162626630
27484341
240697856
201031791
249446469
216007195
9890179
234314697
108092528
86182301
18133568
28611847
231850949
214899830
173933149
232890279
106408995
236545743
210698573
164096149
203685791
243019366
81230776
185550813
168258545
66061369
199051844
10807785
171267787
62550713
97179359
185600759
7215822
230521549
48005460
228226191
93485947
194111673
215510780
111698315
210064843
178212597
53365899
88281125
181592355
215684306
81897183
248775570
124933869
214495024
230482637
98046029
249765909
183134424
109020697
138556593
48510480
130707271
169167940
233185297
91458393
198873698
171599452
233433654
105180448
108945148
183757566
211109668
236723559
243619021
248818153
187438984
182641971
40341616
163249323
185279141
156446140
205685162
228476712
187521621
100825707
211521577
229079993
32976724
134112664
182199694
61664963
231872668
9048813
9704084
210628660
220070753
247171423
219537542
1021189
216087100
158444242
212202615
76743617
156837461
250367614
195534127
214283003
226211025
172161636
160066191
219192983
111979181
98997572
96549328
169098837
154648228
248859011
165460841
177344748
114154086
125075910
52657114
158493092
240215770
178398240
25157670
249471146
156215290
238001835
188380546
90895703
109127981
20444164
28670661
129987373
99631181
110779196
20973586
93061719
178678340
176328507
91014053
119378282
231808297
242761341
141690283
131075411
19886464
229196586
239959677
193926091
190279866
234906411
194698809
158561206
148464715
244569893
118958279
163177306
250342281
135681086
157269668
195608382
72060404
244646067
179209578
232346925
127016856
106923109
10206094
232798270
72267503
106109304
249914545
81737236
245551804
134613663
221965527
36385209
175183355
186713924
187207889
182580662
164512706
37325079
183472115
99663694
146250363
246874628
228211486
234769305
128794461
244903345
127169231
249946845
242340214
233150560
67668496
195351527
231530389
243052642
132933970
111566956
88621142
213566105
179004173
149688278
75360548
188110999
208975357
112687549
234763360
249576220
131103956
225172115
93941551
88313131
171411501
238958059
55023107
236614350
243512978
108967535
243487623
238350675
97441889
63668996
221127677
61854604
187992554
148123137
242163074
249633410
27573210
135535696
235624034
190048967
82820410
201217633
185860874
105964673
204098569
224779332
26694086
156336823
239278773
36424628
247189166
217953700
246251098
244279546
33108519
212284023
141746453
51672612
171765786
189764564
201444993
223908723
36469513
95924506
17804502
187291108
196285996
169717467
203216926
23526237
86527916
123050009
158849491
31340346
244320095
8761289
237423824
133516458
205669054
15568194
190619118
218448962
208372714
186073165
72560682
71436915
180601114
229814041
98564624
195393608
230346103
152462416
127598274
106129523
165868608
77823599
72864477
131307070
145269917
144844288
204610248
229500795
236011669
240772521
160164868
97944984
80032110
128415419
244162489
170965291
237248660
56437252
242980037
130761498
51034620
113505380
202261990
44815199
234706926
146114917
158336935
233229945
235972052
221969289
207637124
157764540
176692748
158338931
157618860
233768172
238243983
195887374
90980519
180332795
252500719
90693554
223229936
237672695
233095364
194731594
249790996
64093758
170994533
173520930
108070707
238433792
215124424
126325362
93797305
169592558
119487075
208750141
88994169
201035839
93551392
97828779
250098988
156759760
141157374
147790859
58122801
66683057
74512578
75944492
235164354
114820247
38523150
65068200
132562951
38958557
162460108
241002911
54321113
250400657
223218661
178395479
83652667
144487389
55420750
49248131
1018264
248797062
243778914
58273007
138797871
94761032
211798978
186710959
202300874
223845553
216771611
246064593
230969153
238130982
234030477
133410477
166406335
164480276
238602547
99721957
236410133
221064282
92952116
19634543
97280200
102201011
237501748
111955958
203675718
160119401
113314031
194630278
125004804
64791468
35996973
230339824
186082534
231372250
123505203
243297702
55037953
238782790
48807267
184238970
10088013
207314325
43733911
235849594
134259617
243347343
239565601
216927023
54038006
36163851
82930463
217515858
244560856
195560887
244772466
156525913
208843968
175456559
54422890
231962206
126539299
233828836
210070115
243442806
240660814
192797805
242191541
131668677
41700646
8942923
236192011
72969678
199665580
117031569
120246768
210263222
21194856
186753055
157637200
248390429
123502312
248491086
246884141
222511794
227591753
238396983
195793285
250726617
235904813
14930145
182232608
78863448
197978805
29585278
214856446
121714520
9413616
75959808
210319312
204300982
91054423
61377676
129885707
47664538
68107077
30328598
189926331
214365308
107676934
144380523
100768175
246859511
115717880
205013927
224121055
231443215
1495234
37661867
179771953
111604194
104040626
121331103
247200557
214925885
110433342
97709945
247690731
247989564
111944640
242859122
235516732
183974175
33562000
23825062
109844268
82441513
199599924
186326874
224207145
171289369
186786663
146977128
216098046
86796320
218172600
103412540
242151522
232503771
246628734
165154267
236743305
32811535
127988368
200050517
98637871
237058987
147470015
185177479
110214348
139467612
64078385
108491657
105271986
124559332
211710577
88614167
119123325
20801213
61738152
183991902
116848073
136217531
45680513
242211264
84989722
241494211
46955807
94726262
74108198
99453739
187302171
207849910
244189534
132258010
123985511
207850369
230494587
62311248
180738219
223163524
166585491
235242378
92469925
226719472
200198257
99120546
219955982
235174867
217738201
222598796
212688969
132966127
230814634
157325524
193747844
99423776
6063087
62301493
33902592
89829937
239408559
129199720
114011393
40935507
40519018
240960735
79322256
108154787
228571050
123637213
237332655
54704510
238864665
239811652
110880295
118760645
177126761
127488141
231438604
248369201
240398009
132286577
119460006
221949041
218352701
225787927
60797967
199206848
87959182
75689459
2422298
167272758
78731854
236696059
240955150
213460498
177497010
235841294
29668435
38751163
197583742
241454090
173894899
163201126
83838333
194887864
47752892
139926600
79555696
10167173
250685447
192989956
45618050
136233557
235595311
236530353
127650614
181522839
250225264
39744479
227359607
95413909
103016154
145992082
35953372
130833335
160350141
144466520
23595743
237891006
131959631
223591807
75283335
235745946
2012232
231548199
216611759
108912615
91738848
133792947
127362227
97465042
140765484
204281504
9365405
231153417
206813373
246476232
237178606
220532783
151107442
225595208
173271935
191032735
99001940
107388594
16390308
231217244
250697394
191488667
32940714
143567575
163482703
176616479
239045289
87039969
165663788
93758088
58915644
229472538
81746860
218057296
82617675
187552645
208956508
56156564
101742103
99260061
248435351
233267413
198991336
98358633
161732919
242363328
7777748
175854086
201272387
52738497
129875280
92558958
200278137
201364062
234111049
127482360
207088296
244979161
244308407
37070454
236058242
65421274
238403044
180939403
91329006
21458658
227180434
14706649
243308165
34374473
125494596
44856163
207570229
201745368
93520203
185829487
182903845
85680512
124047086
9413747
244734386
235569647
173221555
52839360
72629913
237432089
94994872
145618811
38579411
229052831
78387071
86360715
191670293
221803849
48520630
169175313
180333605
109036253
163272058
211499952
250071715
153146261
74585087
243453809
132533236
229832530
97382240
235236475
217632821
8971354
118276464
119942915
80592471
110702289
102974183
176691862
21760352
75461783
202545982
199116590
114642538
207887295
244865940
73371613
235407744
191507683
233893753
98766108
154610121
125479997
172873933
67760701
209332184
108501026
91382795
217384965
92908972
34643128
106072946
157926426
237720225
43917204
125116547
106827430
130771150
236834823
229919721
73439728
72688055
3122188
9310122
88551961
182567858
62717341
90170621
166700764
208524917
2392466
245711149
129782478
10207478
86854952
214903858
168764816
45872508
148292478
239469052
128519836
80822867
144487951
166178151
124939128
76574843
132963657
170694645
64277561
121261238
238464256
170259568
112803998
95229460
187965517
130994586
111458861
228870818
228340035
238939851
237915015
35803358
54824662
231212607
94507683
32178820
244439087
219137286
240840270
91225137
194253885
136263244
200908698
192728652
130308134
246964788
238194825
138179324
185116612
76930052
102118278
106512935
240398911
213038978
65578828
147372262
222712605
61555170
12321461
146613259
124698684
191014176
102700249
75394357
122675262
127454837
184313936
194431387
47760535
38315232
125825961
8718516
172487212
223386049
248840457
185241782
201391882
125363174
1381386
32160470
119709217
170352577
156358683
28032936
181358201
108372147
58182455
250375489
250863975
48433042
236276831
99631269
234064628
239422858
137002433
197443569
82124086
190618119
236255179
9440758
215391764
69533193
164175536
226233090
228359893
65853607
236295423
102875712
94069217
167231448
240179941
239046336
96559466
181753542
99262960
225145960
251379930
167043352
248006359
201074842
69278409
237026708
177310873
253154761
156534066
236241463
166441282
65403111
111460355
30744151
208440955
112948536
234465889
215612594
172223362
156822925
168681751
228895359
245108229
114834886
238001291
179631649
184501004
132374254
100252635
233352384
195499274
165079667
6507953
187828802
128481087
102055214
246041977
159290207
119180210
113306832
178910961
235862235
163323088
198672362
104524234
40090647
22877659
128340520
243572353
234120580
239271658
181865677
187797830
153311324
101079299
20134143
98871875
238698498
97151092
214003365
90988327
32478352
134930250
243753030
91269197
220475496
96819339
99966086
82553010
181135202
124803765
222839054
244799499
151140387
23339415
224546229
229832440
197337359
157823852
226604022
196426212
178655509
162178891
45303670
34148805
1732906
201281691
233129772
238861952
132929641
141932865
7047539
141368356
237254802
139766967
45802215
100081981
160348449
217574237
26582178
161584452
138851122
153435963
235988698
187167692
133411681
130332817
163971525
88887399
236794938
239428549
197074307
218271182
110184164
48182004
65361646
136532731
83220528
87489811
187530208
109060041
33690397
107571162
243294850
249701914
125896629
62881654
112577103
243917668
185835016
130869401
183609624
125078572
108284216
249672093
150041350
210625149
130771857
140675579
66217474
190769076
244355340
187936511
162025721
152770935
105049524
158622751
13140401
127589435
105654069
45406539
198081739
240216954
226522629
109216770
112978803
242446923
39681402
63644728
110620229
78793834
119306952
147603942
65284237
232535473
117183023
153434758
111567174
204858393
40079432
159950371
236518260
228702080
248802150
243747954
139625401
147682906
187726602
90902953
111235619
137990275
56279475
107737252
95924320
219264082
100059211
125446788
196729853
157014122
240042700
175534784
156638191
232401084
176945970
205291410
238784765
236733662
7235739
51385989
118568437
202754893
93221274
36295858
178140344
96440413
9087672
28069331
33107941
111464249
237980430
193361665
244028299
234018337
172163115
125236022
237508354
206018711
224026738
169915088
163334539
191302778
156623380
22909208
156428087
39005951
179734434
125299862
1989182
236749220
181638358
208137907
162772691
241281957
64588191
196106519
241715017
234681258
235265788
156251112
242443587
13277195
231620254
95549856
238485716
98695795
46135036
118955471
227010661
137683990
168464463
18550257
37264125
60856542
176827329
133851155
162935663
208136302
212326593
143785159
247398518
107862906
91388713
25635381
170371633
241334561
186858339
34112963
231237742
241080770
103140527
242124859
7333896
66144748
45750439
162419093
147873059
217511291
56394562
134046533
175686244
218000710
81499533
58852430
204626210
129677106
198945199
85541243
213908478
60297256
95701262
68783177
119548315
190254344
163113657
231376589
228659469
196244813
167814182
238325622
194204219
126789843
174991322
116620304
231521050
106599190
161408721
195325749
238282260
6574340
236400999
83258915
42135626
241663058
236104658
197038677
56494651
205046063
201809679
246904858
226905619
249695666
226242577
78310704
216204270
93500941
234421377
201480290
74623658
1210380
81336967
103144997
118626651
70795755
63442553
98986286
226694762
239012568
240020637
54138949
126708998
199862553
235878077
106681834
229076779
27758321
118673295
213449146
135016287
87887597
43415207
86879798
235742664
96413337
188633625
94815779
43248680
199585347
235187696
244385338
206480988
44906792
82294405
241046863
164252260
138010326
193173930
195179102
180239707
200241034
118133478
103616413
55222700
104148926
209647480
94654224
239832666
65186528
35936820
161726686
140792683
214325969
146932220
96965270
135574406
239832001
83301465
45941724